010001110001
110100000001
111001001011
111100001000
000111101001
101111001001
111111000110
000101110010
001101001010
000110001101
011111111110
101100010001
110101100001
000000000110
010011000011
010101110010
011001001001
010011010111
001101010110
100000101000
011100110010
001011110001
101110110011
100011011101
000101111011
000010011000
110101101111
011010101100
111001011010
011100110011
000101000111
111000110101
110111010000
111110010001
010100100110
010001011010
101100100001
001000101010
011111010010
101011100110
